%YAML:1.0
image_width: 752
image_height: 480
camera_name: cameraLeft
camera_matrix: !!opencv-matrix
  rows: 3
  cols: 3
  dt: d
  data: [723.0582143535391, 0, 382.9926404354579, 0, 721.751963049535, 222.8142717552852, 0, 0, 1]
distortion_model: plumb_bob
distortion_coefficients: !!opencv-matrix
  rows: 1
  cols: 5
  dt: d
  data: [0.08120014505457618, -0.104685302538768, -0.0009667926484227899, 0.0006132372851457416, 0]
rectification_matrix: !!opencv-matrix
  rows: 3
  cols: 3
  dt: d
  data: [0.999142415787047, 0.001233222546415263, -0.04138734271942352, -0.001459980165072959, 0.9999840875703775, -0.005449134239247777, 0.04137996415104295, 0.005504885847205372, 0.9991283174841297]
projection_matrix: !!opencv-matrix
  rows: 3
  cols: 4
  dt: d
  data: [765.1470630888782, 0, 422.402904510498, 0, 0, 765.1470630888782, 221.661247253418, 0, 0, 0, 1, 0]