%YAML:1.0
image_width: 752
image_height: 480
camera_name: cameraRight
camera_matrix: !!opencv-matrix
  rows: 3
  cols: 3
  dt: d
  data: [722.9393051597897, 0, 388.5940933983672, 0, 721.4707641928962, 220.0823073957926, 0, 0, 1]
distortion_model: plumb_bob
distortion_coefficients: !!opencv-matrix
  rows: 1
  cols: 5
  dt: d
  data: [0.08585588819639303, -0.09912963606518893, 0.0008571354162448499, 0.001795213379051834, 0]
rectification_matrix: !!opencv-matrix
  rows: 3
  cols: 3
  dt: d
  data: [0.9992784673745536, 0.003469676547146838, -0.03782203043494012, -0.003262391012411103, 0.9999793274549806, 0.00554089050306302, 0.037840473655142, -0.005413502317628943, 0.9992691291870331]
projection_matrix: !!opencv-matrix
  rows: 3
  cols: 4
  dt: d
  data: [765.1470630888782, 0, 422.402904510498, -46.00628105853477, 0, 765.1470630888782, 221.661247253418, 0, 0, 0, 1, 0]