<?xml version="1.0"?>
<opencv_storage>
<cameraMatrix type_id="opencv-matrix">
  <rows>3</rows>
  <cols>3</cols>
  <dt>d</dt>
  <data>
    7.2410252954510645e+02 0. 3.8769995279643985e+02 0.
    7.2391074824319401e+02 2.2795884606995662e+02 0. 0. 1.</data></cameraMatrix>
<distCoeffs type_id="opencv-matrix">
  <rows>1</rows>
  <cols>5</cols>
  <dt>d</dt>
  <data>
    6.1285486162289633e-02 1.5182583725375084e-01 1.6482499516538322e-03
    2.3169198765068356e-03 -6.7585655489577823e-01</data></distCoeffs>
<rms_error>4.5925998390229605e-01</rms_error>
</opencv_storage>
