<?xml version="1.0"?>
<opencv_storage>
<cameraMatrix type_id="opencv-matrix">
  <rows>3</rows>
  <cols>3</cols>
  <dt>d</dt>
  <data>
    7.2092289882604814e+02 0. 3.9084241329750228e+02 0.
    7.2055397631358551e+02 2.1971492199942537e+02 0. 0. 1.</data></cameraMatrix>
<distCoeffs type_id="opencv-matrix">
  <rows>1</rows>
  <cols>5</cols>
  <dt>d</dt>
  <data>
    7.2490172107755310e-02 2.7931313562194238e-02 1.2537126658894830e-03
    2.4164799754469854e-03 -3.1822542385225056e-01</data></distCoeffs>
<rms_error>6.1073567541706553e-01</rms_error>
</opencv_storage>
