<?xml version="1.0"?>
<opencv_storage>
<R type_id="opencv-matrix">
  <rows>3</rows>
  <cols>3</cols>
  <dt>d</dt>
  <data>
    9.9999791941706773e-01 -1.7982440417096737e-03
    -9.6305757991260580e-04 1.7949614563277586e-03
    9.9999261382263160e-01 -3.3985899357381042e-03
    9.6916196070068682e-04 3.3968542134537147e-03 9.9999376103381088e-01</data></R>
<T type_id="opencv-matrix">
  <rows>3</rows>
  <cols>1</cols>
  <dt>d</dt>
  <data>
    -5.9968942757126921e-02 -2.0974641944036763e-05
    -5.2767138868067473e-04</data></T>
<Q type_id="opencv-matrix">
  <rows>4</rows>
  <cols>4</cols>
  <dt>d</dt>
  <data>
    1. 0. 0. -3.8277104187011719e+02 0. 1. 0. -2.2441544151306152e+02 0.
    0. 0. 7.2223236227838970e+02 0. 0. 1.6674651631841918e+01
    2.9447033792285527e+01</data></Q>
<E type_id="opencv-matrix">
  <rows>3</rows>
  <cols>3</cols>
  <dt>d</dt>
  <data>
    9.2682197917727718e-07 5.2759624340534240e-04
    -2.2767849754901936e-05 -4.6955067267294523e-04
    2.0465463781158691e-04 5.9969076790851228e-02
    -8.6667342521213814e-05 -5.9968537533404025e-02
    2.0378964552331588e-04</data></E>
<F type_id="opencv-matrix">
  <rows>3</rows>
  <cols>3</cols>
  <dt>d</dt>
  <data>
    1.9863230412636670e-09 1.1310200150783937e-06
    -2.9392871818455067e-04 -1.0068350465288557e-06
    4.3894740712243820e-07 9.3401779780911312e-02 8.6535016796814222e-05
    -9.3217394609334786e-02 1.</data></F>
<rms_error>5.4218158174329034e-01</rms_error>
</opencv_storage>
