%YAML:1.0
---
image_width: 2448
image_height: 2048
camera_name: left
camera_matrix: !!opencv-matrix
   rows: 3
   cols: 3
   dt: d
   data: [2335.974008470645, 0.0, 1241.2928863934626, 0.0, 2333.3204228464147, 980.9981150563676, 0.0, 0.0, 1.0]
distortion_model: plumb_bob
distortion_coefficients: !!opencv-matrix
   rows: 1
   cols: 5
   dt: d
   data: [-0.07256542044433194, 0.0889333563133739, -9.651676856805876e-05, -0.00142419825158098, 0.0]
rectification_matrix: !!opencv-matrix
   rows: 3
   cols: 3
   dt: d
   data: [ 0.9998293034041814, 0.0007641927940547715, 0.018460229242427784, -0.0007044198161323585, 0.9999944894058149, -0.0032442180454108614, -0.018462606723648512, 0.0032306605171457, 0.9998243320631834 ]
projection_matrix: !!opencv-matrix
   rows: 3
   cols: 4
   dt: d
   data: [2436.4718002966847, 0.0, 1238.9202270507812, 0.0, 0.0, 2436.4718002966847, 1000.0325622558594, 0.0, 0.0, 0.0, 1.0, 0.0]
