%YAML:1.0
---
image_width: 2448
image_height: 2048
camera_name: right
camera_matrix: !!opencv-matrix
   rows: 3
   cols: 3
   dt: d
   data: [ 2347.0860368387557, 0.0, 1265.0121137934523, 0.0, 2345.665790840706, 1015.6116571981775, 0.0, 0.0, 1.0 ]
distortion_model: plumb_bob
distortion_coefficients: !!opencv-matrix
   rows: 1
   cols: 5
   dt: d
   data: [ -0.07289442363466102, 0.09810598452089024, 0.0012239651421948525, 0.00040348965932672824, 0.0 ]
rectification_matrix: !!opencv-matrix
   rows: 3
   cols: 3
   dt: d
   data: [ 0.9999452350218044, 0.002296855471327586, -0.010210358080503105, -0.0022637861556242893, 0.9999921590228943, 0.003249179122811633, 0.01021774091616471, -0.0032258871143212133, 0.9999425940637272 ]
projection_matrix: !!opencv-matrix
   rows: 3
   cols: 4
   dt: d
   data: [ 2436.4718002966847, 0.0, 1238.9202270507812, -607.1137243173857, 0.0, 2436.4718002966847, 1000.0325622558594, 0.0, 0.0, 0.0, 1.0, 0.0]
